amazon/back_pack/frame_0008.jpghist= [0.3333333333333333, 0.21890547263681592, 0.44776119402985076]
amazon/back_pack/frame_0068.jpghist= [0.6223776223776224, 0.17482517482517482, 0.20279720279720279]
amazon/back_pack/frame_0066.jpghist= [0.34591194968553457, 0.22327044025157233, 0.4308176100628931]
amazon/back_pack/frame_0071.jpghist= [0.421195652173913, 0.23641304347826086, 0.3423913043478261]
amazon/back_pack/frame_0059.jpghist= [0.31896551724137934, 0.35344827586206895, 0.3275862068965517]
amazon/back_pack/frame_0014.jpghist= [0.45977011494252873, 0.2413793103448276, 0.2988505747126437]
amazon/back_pack/frame_0083.jpghist= [0.46511627906976744, 0.18604651162790697, 0.3488372093023256]
amazon/back_pack/frame_0004.jpghist= [0.3736842105263158, 0.2789473684210526, 0.3473684210526316]
amazon/back_pack/frame_0037.jpghist= [0.47368421052631576, 0.2543859649122807, 0.2719298245614035]
amazon/back_pack/frame_0067.jpghist= [0.4528301886792453, 0.4339622641509434, 0.11320754716981132]
amazon/back_pack/frame_0026.jpghist= [0.6, 0.18461538461538463, 0.2153846153846154]
amazon/back_pack/frame_0013.jpghist= [0.3634020618556701, 0.3943298969072165, 0.2422680412371134]
amazon/back_pack/frame_0016.jpghist= [0.3498233215547703, 0.35335689045936397, 0.2968197879858657]
amazon/back_pack/frame_0019.jpghist= [0.3546511627906977, 0.32558139534883723, 0.31976744186046513]
amazon/back_pack/frame_0027.jpghist= [0.43010752688172044, 0.3333333333333333, 0.23655913978494625]
amazon/back_pack/frame_0023.jpghist= [0.2907488986784141, 0.21145374449339208, 0.4977973568281938]
amazon/back_pack/frame_0018.jpghist= [0.3468013468013468, 0.2760942760942761, 0.3771043771043771]
amazon/back_pack/frame_0069.jpghist= [0.4342105263157895, 0.2894736842105263, 0.27631578947368424]
amazon/back_pack/frame_0087.jpghist= [0.4152542372881356, 0.22033898305084745, 0.3644067796610169]
amazon/back_pack/frame_0064.jpghist= [0.3611111111111111, 0.18518518518518517, 0.4537037037037037]
amazon/back_pack/frame_0079.jpghist= [0.34984984984984985, 0.32882882882882886, 0.3213213213213213]
amazon/back_pack/frame_0005.jpghist= [0.4589041095890411, 0.22945205479452055, 0.3116438356164384]
amazon/back_pack/frame_0074.jpghist= [0.43777777777777777, 0.2822222222222222, 0.28]
amazon/back_pack/frame_0060.jpghist= [0.4296577946768061, 0.33079847908745247, 0.23954372623574144]
amazon/back_pack/frame_0084.jpghist= [0.3626373626373626, 0.2857142857142857, 0.3516483516483517]
amazon/back_pack/frame_0029.jpghist= [0.40625, 0.30625, 0.2875]
amazon/back_pack/frame_0039.jpghist= [0.5313807531380753, 0.200836820083682, 0.26778242677824265]
amazon/back_pack/frame_0053.jpghist= [0.6008771929824561, 0.2149122807017544, 0.18421052631578946]
amazon/back_pack/frame_0063.jpghist= [0.41714285714285715, 0.26857142857142857, 0.3142857142857143]
amazon/back_pack/frame_0058.jpghist= [0.36792452830188677, 0.31839622641509435, 0.3136792452830189]
amazon/back_pack/frame_0049.jpghist= [0.3343949044585987, 0.2643312101910828, 0.4012738853503185]
amazon/back_pack/frame_0086.jpghist= [0.15522620904836193, 0.18252730109204368, 0.6622464898595943]
amazon/back_pack/frame_0009.jpghist= [0.4577777777777778, 0.3511111111111111, 0.19111111111111112]
amazon/back_pack/frame_0045.jpghist= [0.5178571428571429, 0.19642857142857142, 0.2857142857142857]
amazon/back_pack/frame_0040.jpghist= [0.5730337078651685, 0.2247191011235955, 0.20224719101123595]
amazon/back_pack/frame_0051.jpghist= [0.5357142857142857, 0.21428571428571427, 0.25]
amazon/back_pack/frame_0070.jpghist= [0.38064516129032255, 0.2903225806451613, 0.32903225806451614]
amazon/back_pack/frame_0075.jpghist= [0.4797136038186158, 0.2863961813842482, 0.23389021479713604]
amazon/back_pack/frame_0003.jpghist= [0.37971014492753624, 0.3217391304347826, 0.2985507246376812]
amazon/back_pack/frame_0015.jpghist= [0.4337899543378995, 0.228310502283105, 0.3378995433789954]
amazon/back_pack/frame_0056.jpghist= [0.30405405405405406, 0.2702702702702703, 0.42567567567567566]
amazon/back_pack/frame_0043.jpghist= [0.5, 0.19642857142857142, 0.30357142857142855]
amazon/back_pack/frame_0035.jpghist= [0.4819672131147541, 0.26885245901639343, 0.24918032786885247]
amazon/back_pack/frame_0001.jpghist= [0.48148148148148145, 0.1925925925925926, 0.32592592592592595]
amazon/back_pack/frame_0044.jpghist= [0.3449612403100775, 0.34108527131782945, 0.313953488372093]
amazon/back_pack/frame_0010.jpghist= [0.4578313253012048, 0.2469879518072289, 0.29518072289156627]
amazon/back_pack/frame_0002.jpghist= [0.34297520661157027, 0.256198347107438, 0.40082644628099173]
amazon/back_pack/frame_0021.jpghist= [0.46153846153846156, 0.26153846153846155, 0.27692307692307694]
amazon/back_pack/frame_0085.jpghist= [0.21818181818181817, 0.34545454545454546, 0.43636363636363634]
amazon/back_pack/frame_0081.jpghist= [0.35766423357664234, 0.20437956204379562, 0.43795620437956206]
amazon/back_pack/frame_0031.jpghist= [0.3620689655172414, 0.29310344827586204, 0.3448275862068966]
amazon/back_pack/frame_0050.jpghist= [0.4253731343283582, 0.3656716417910448, 0.208955223880597]
amazon/back_pack/frame_0052.jpghist= [0.4888888888888889, 0.3055555555555556, 0.20555555555555555]
amazon/back_pack/frame_0080.jpghist= [0.4475920679886686, 0.28611898016997167, 0.26628895184135976]
amazon/back_pack/frame_0047.jpghist= [0.39655172413793105, 0.25862068965517243, 0.3448275862068966]
amazon/back_pack/frame_0054.jpghist= [0.3806818181818182, 0.25, 0.3693181818181818]
amazon/back_pack/frame_0061.jpghist= [0.42933333333333334, 0.23466666666666666, 0.336]
amazon/back_pack/frame_0073.jpghist= [0.4230769230769231, 0.28205128205128205, 0.2948717948717949]
amazon/back_pack/frame_0082.jpghist= [0.3058823529411765, 0.2911764705882353, 0.40294117647058825]
amazon/back_pack/frame_0007.jpghist= [0.39106145251396646, 0.17318435754189945, 0.43575418994413406]
amazon/back_pack/frame_0048.jpghist= [0.3811188811188811, 0.3951048951048951, 0.22377622377622378]
amazon/back_pack/frame_0088.jpghist= [0.36784140969163, 0.23788546255506607, 0.394273127753304]
amazon/back_pack/frame_0046.jpghist= [0.36082474226804123, 0.14948453608247422, 0.4896907216494845]
amazon/back_pack/frame_0090.jpghist= [0.36809815950920244, 0.32515337423312884, 0.3067484662576687]
amazon/back_pack/frame_0038.jpghist= [0.3727598566308244, 0.27956989247311825, 0.34767025089605735]
amazon/back_pack/frame_0006.jpghist= [0.225, 0.425, 0.35]
amazon/back_pack/frame_0012.jpghist= [0.36018957345971564, 0.24881516587677724, 0.3909952606635071]
amazon/back_pack/frame_0011.jpghist= [0.3249211356466877, 0.23659305993690852, 0.4384858044164038]
amazon/back_pack/frame_0020.jpghist= [0.29328621908127206, 0.3710247349823322, 0.33568904593639576]
amazon/back_pack/frame_0089.jpghist= [0.37604456824512533, 0.25069637883008355, 0.3732590529247911]
amazon/back_pack/frame_0092.jpghist= [0.41312741312741313, 0.23552123552123552, 0.35135135135135137]
amazon/back_pack/frame_0034.jpghist= [0.34347826086956523, 0.3347826086956522, 0.3217391304347826]
amazon/back_pack/frame_0022.jpghist= [0.27419354838709675, 0.25, 0.47580645161290325]
amazon/back_pack/frame_0077.jpghist= [0.43722943722943725, 0.1774891774891775, 0.3852813852813853]
amazon/back_pack/frame_0017.jpghist= [0.40714285714285714, 0.17142857142857143, 0.42142857142857143]
amazon/back_pack/frame_0025.jpghist= [0.4826254826254826, 0.23938223938223938, 0.277992277992278]
amazon/back_pack/frame_0036.jpghist= [0.42686567164179107, 0.23880597014925373, 0.33432835820895523]
amazon/back_pack/frame_0062.jpghist= [0.2730263157894737, 0.3092105263157895, 0.41776315789473684]
amazon/back_pack/frame_0078.jpghist= [0.3385416666666667, 0.3489583333333333, 0.3125]
amazon/back_pack/frame_0041.jpghist= [0.4251497005988024, 0.23952095808383234, 0.33532934131736525]
amazon/back_pack/frame_0028.jpghist= [0.23684210526315788, 0.34962406015037595, 0.41353383458646614]
amazon/back_pack/frame_0057.jpghist= [0.5906040268456376, 0.10738255033557047, 0.30201342281879195]
amazon/back_pack/frame_0033.jpghist= [0.35294117647058826, 0.33217993079584773, 0.314878892733564]
amazon/back_pack/frame_0030.jpghist= [0.40942028985507245, 0.2717391304347826, 0.3188405797101449]
amazon/back_pack/frame_0024.jpghist= [0.39090909090909093, 0.2636363636363636, 0.34545454545454546]
amazon/back_pack/frame_0076.jpghist= [0.4567901234567901, 0.2222222222222222, 0.32098765432098764]
amazon/back_pack/frame_0072.jpghist= [0.3173076923076923, 0.3798076923076923, 0.30288461538461536]
amazon/back_pack/frame_0042.jpghist= [0.38461538461538464, 0.42657342657342656, 0.1888111888111888]
amazon/back_pack/frame_0091.jpghist= [0.5, 0.2621951219512195, 0.23780487804878048]
amazon/back_pack/frame_0065.jpghist= [0.3664383561643836, 0.363013698630137, 0.2705479452054795]
amazon/back_pack/frame_0032.jpghist= [0.2987012987012987, 0.2813852813852814, 0.4199134199134199]
amazon/back_pack/frame_0055.jpghist= [0.46320346320346323, 0.2597402597402597, 0.27705627705627706]
amazon/bike/frame_0008.jpghist= [0.4004237288135593, 0.2817796610169492, 0.3177966101694915]
amazon/bike/frame_0068.jpghist= [0.3081570996978852, 0.3323262839879154, 0.3595166163141994]
amazon/bike/frame_0066.jpghist= [0.17801047120418848, 0.4816753926701571, 0.3403141361256545]
amazon/bike/frame_0071.jpghist= [0.30144927536231886, 0.34782608695652173, 0.3507246376811594]
amazon/bike/frame_0059.jpghist= [0.27547169811320754, 0.3622641509433962, 0.3622641509433962]
amazon/bike/frame_0014.jpghist= [0.2785923753665689, 0.36656891495601174, 0.3548387096774194]
amazon/bike/frame_0004.jpghist= [0.2994350282485876, 0.3474576271186441, 0.3531073446327684]
amazon/bike/frame_0037.jpghist= [0.22556390977443608, 0.45112781954887216, 0.3233082706766917]
amazon/bike/frame_0067.jpghist= [0.24262295081967214, 0.3836065573770492, 0.3737704918032787]
amazon/bike/frame_0026.jpghist= [0.32967032967032966, 0.3443223443223443, 0.326007326007326]
amazon/bike/frame_0013.jpghist= [0.307909604519774, 0.3305084745762712, 0.3615819209039548]
amazon/bike/frame_0016.jpghist= [0.38903394255874674, 0.2950391644908616, 0.31592689295039167]
amazon/bike/frame_0019.jpghist= [0.32802547770700635, 0.29936305732484075, 0.37261146496815284]
amazon/bike/frame_0027.jpghist= [0.35537190082644626, 0.2706611570247934, 0.3739669421487603]
amazon/bike/frame_0023.jpghist= [0.3298429319371728, 0.35340314136125656, 0.31675392670157065]
amazon/bike/frame_0018.jpghist= [0.2981366459627329, 0.37267080745341613, 0.32919254658385094]
amazon/bike/frame_0069.jpghist= [0.4429657794676806, 0.2908745247148289, 0.2661596958174905]
amazon/bike/frame_0064.jpghist= [0.42524916943521596, 0.31561461794019935, 0.2591362126245847]
amazon/bike/frame_0079.jpghist= [0.32020997375328086, 0.34908136482939633, 0.33070866141732286]
amazon/bike/frame_0005.jpghist= [0.47393364928909953, 0.23459715639810427, 0.2914691943127962]
amazon/bike/frame_0074.jpghist= [0.3744075829383886, 0.3293838862559242, 0.2962085308056872]
amazon/bike/frame_0060.jpghist= [0.346031746031746, 0.3396825396825397, 0.3142857142857143]
amazon/bike/frame_0029.jpghist= [0.14285714285714285, 0.4139194139194139, 0.4432234432234432]
amazon/bike/frame_0039.jpghist= [0.33222591362126247, 0.3787375415282392, 0.28903654485049834]
amazon/bike/frame_0053.jpghist= [0.29705882352941176, 0.3235294117647059, 0.37941176470588234]
amazon/bike/frame_0063.jpghist= [0.31788079470198677, 0.3609271523178808, 0.3211920529801324]
amazon/bike/frame_0058.jpghist= [0.2468354430379747, 0.3670886075949367, 0.3860759493670886]
amazon/bike/frame_0049.jpghist= [0.33403361344537813, 0.3319327731092437, 0.33403361344537813]
amazon/bike/frame_0009.jpghist= [0.23097112860892388, 0.43832020997375326, 0.33070866141732286]
amazon/bike/frame_0045.jpghist= [0.2692307692307692, 0.3423076923076923, 0.38846153846153847]
amazon/bike/frame_0040.jpghist= [0.37433155080213903, 0.32085561497326204, 0.3048128342245989]
amazon/bike/frame_0051.jpghist= [0.276657060518732, 0.3919308357348703, 0.3314121037463977]
amazon/bike/frame_0070.jpghist= [0.2893772893772894, 0.3992673992673993, 0.31135531135531136]
amazon/bike/frame_0075.jpghist= [0.2057877813504823, 0.35691318327974275, 0.43729903536977494]
amazon/bike/frame_0003.jpghist= [0.22846441947565543, 0.43820224719101125, 0.3333333333333333]
amazon/bike/frame_0015.jpghist= [0.28793774319066145, 0.35797665369649806, 0.3540856031128405]
amazon/bike/frame_0056.jpghist= [0.3668639053254438, 0.2988165680473373, 0.3343195266272189]
amazon/bike/frame_0043.jpghist= [0.3937007874015748, 0.30971128608923887, 0.29658792650918636]
amazon/bike/frame_0035.jpghist= [0.41160949868073876, 0.20316622691292877, 0.38522427440633245]
amazon/bike/frame_0001.jpghist= [0.2465277777777778, 0.3854166666666667, 0.3680555555555556]
amazon/bike/frame_0044.jpghist= [0.3746630727762803, 0.3504043126684636, 0.2749326145552561]
amazon/bike/frame_0010.jpghist= [0.2642857142857143, 0.3952380952380952, 0.3404761904761905]
amazon/bike/frame_0002.jpghist= [0.37777777777777777, 0.30833333333333335, 0.3138888888888889]
amazon/bike/frame_0021.jpghist= [0.322884012539185, 0.3793103448275862, 0.29780564263322884]
amazon/bike/frame_0081.jpghist= [0.23828125, 0.40625, 0.35546875]
amazon/bike/frame_0031.jpghist= [0.32525951557093424, 0.4013840830449827, 0.27335640138408307]
amazon/bike/frame_0050.jpghist= [0.38005390835579517, 0.31805929919137466, 0.3018867924528302]
amazon/bike/frame_0052.jpghist= [0.4376899696048632, 0.3404255319148936, 0.22188449848024316]
amazon/bike/frame_0080.jpghist= [0.27034120734908135, 0.35958005249343833, 0.3700787401574803]
amazon/bike/frame_0047.jpghist= [0.42779291553133514, 0.2670299727520436, 0.30517711171662126]
amazon/bike/frame_0054.jpghist= [0.4659090909090909, 0.20075757575757575, 0.3333333333333333]
amazon/bike/frame_0061.jpghist= [0.4053333333333333, 0.30933333333333335, 0.2853333333333333]
amazon/bike/frame_0073.jpghist= [0.45144356955380577, 0.24934383202099739, 0.2992125984251969]
amazon/bike/frame_0082.jpghist= [0.2903225806451613, 0.36917562724014336, 0.34050179211469533]
amazon/bike/frame_0007.jpghist= [0.23869801084990958, 0.3508137432188065, 0.4104882459312839]
amazon/bike/frame_0048.jpghist= [0.28125, 0.325, 0.39375]
amazon/bike/frame_0046.jpghist= [0.27887788778877887, 0.3250825082508251, 0.39603960396039606]
amazon/bike/frame_0038.jpghist= [0.3321616871704745, 0.210896309314587, 0.45694200351493847]
amazon/bike/frame_0006.jpghist= [0.36129032258064514, 0.24301075268817204, 0.3956989247311828]
amazon/bike/frame_0012.jpghist= [0.19736842105263158, 0.4232456140350877, 0.3793859649122807]
amazon/bike/frame_0011.jpghist= [0.3185011709601874, 0.32084309133489464, 0.36065573770491804]
amazon/bike/frame_0020.jpghist= [0.4048913043478261, 0.30434782608695654, 0.2907608695652174]
amazon/bike/frame_0034.jpghist= [0.29514563106796116, 0.3106796116504854, 0.3941747572815534]
amazon/bike/frame_0022.jpghist= [0.47280334728033474, 0.2405857740585774, 0.28661087866108786]
amazon/bike/frame_0077.jpghist= [0.25576923076923075, 0.36538461538461536, 0.37884615384615383]
amazon/bike/frame_0017.jpghist= [0.2669491525423729, 0.3432203389830508, 0.3898305084745763]
amazon/bike/frame_0025.jpghist= [0.42018779342723006, 0.27699530516431925, 0.3028169014084507]
amazon/bike/frame_0036.jpghist= [0.5148514851485149, 0.2524752475247525, 0.23267326732673269]
amazon/bike/frame_0062.jpghist= [0.31894484412470026, 0.2829736211031175, 0.3980815347721823]
amazon/bike/frame_0078.jpghist= [0.41237113402061853, 0.2963917525773196, 0.2912371134020619]
amazon/bike/frame_0041.jpghist= [0.25255102040816324, 0.4336734693877551, 0.3137755102040816]
amazon/bike/frame_0028.jpghist= [0.3401360544217687, 0.38095238095238093, 0.2789115646258503]
amazon/bike/frame_0057.jpghist= [0.41139240506329117, 0.3069620253164557, 0.28164556962025317]
amazon/bike/frame_0033.jpghist= [0.27710843373493976, 0.36626506024096384, 0.3566265060240964]
amazon/bike/frame_0030.jpghist= [0.35543766578249336, 0.36074270557029176, 0.2838196286472148]
amazon/bike/frame_0024.jpghist= [0.1647940074906367, 0.4157303370786517, 0.41947565543071164]
amazon/bike/frame_0076.jpghist= [0.30708661417322836, 0.30708661417322836, 0.3858267716535433]
amazon/bike/frame_0072.jpghist= [0.33986928104575165, 0.3660130718954248, 0.29411764705882354]
amazon/bike/frame_0042.jpghist= [0.47606382978723405, 0.23138297872340424, 0.2925531914893617]
amazon/bike/frame_0065.jpghist= [0.2743055555555556, 0.3958333333333333, 0.3298611111111111]
amazon/bike/frame_0032.jpghist= [0.32752613240418116, 0.397212543554007, 0.27526132404181186]
amazon/bike/frame_0055.jpghist= [0.2643312101910828, 0.37579617834394907, 0.35987261146496813]
amazon/bike_helmet/frame_0008.jpghist= [0.3546666666666667, 0.22666666666666666, 0.4186666666666667]
amazon/bike_helmet/frame_0068.jpghist= [0.5492227979274611, 0.27979274611398963, 0.17098445595854922]
amazon/bike_helmet/frame_0066.jpghist= [0.46153846153846156, 0.35834896810506567, 0.1801125703564728]
amazon/bike_helmet/frame_0071.jpghist= [0.44363636363636366, 0.2690909090909091, 0.2872727272727273]
amazon/bike_helmet/frame_0059.jpghist= [0.29259896729776247, 0.43201376936316693, 0.27538726333907054]
amazon/bike_helmet/frame_0014.jpghist= [0.5239520958083832, 0.2245508982035928, 0.25149700598802394]
amazon/bike_helmet/frame_0004.jpghist= [0.47415730337078654, 0.23595505617977527, 0.2898876404494382]
amazon/bike_helmet/frame_0037.jpghist= [0.4919614147909968, 0.3279742765273312, 0.18006430868167203]
amazon/bike_helmet/frame_0067.jpghist= [0.3207885304659498, 0.3655913978494624, 0.31362007168458783]
amazon/bike_helmet/frame_0026.jpghist= [0.38321167883211676, 0.3357664233576642, 0.28102189781021897]
amazon/bike_helmet/frame_0013.jpghist= [0.531328320802005, 0.2531328320802005, 0.21553884711779447]
amazon/bike_helmet/frame_0016.jpghist= [0.3680555555555556, 0.2638888888888889, 0.3680555555555556]
amazon/bike_helmet/frame_0019.jpghist= [0.34844192634560905, 0.20679886685552407, 0.4447592067988669]
amazon/bike_helmet/frame_0027.jpghist= [0.5784061696658098, 0.2622107969151671, 0.15938303341902313]
amazon/bike_helmet/frame_0023.jpghist= [0.5680473372781065, 0.28402366863905326, 0.14792899408284024]
amazon/bike_helmet/frame_0018.jpghist= [0.4184027777777778, 0.2881944444444444, 0.2934027777777778]
amazon/bike_helmet/frame_0069.jpghist= [0.44168734491315137, 0.27543424317617865, 0.28287841191067]
amazon/bike_helmet/frame_0064.jpghist= [0.5154185022026432, 0.23348017621145375, 0.2511013215859031]
amazon/bike_helmet/frame_0005.jpghist= [0.39372822299651566, 0.3588850174216028, 0.24738675958188153]
amazon/bike_helmet/frame_0060.jpghist= [0.3136729222520107, 0.3753351206434316, 0.3109919571045576]
amazon/bike_helmet/frame_0029.jpghist= [0.4925373134328358, 0.208955223880597, 0.29850746268656714]
amazon/bike_helmet/frame_0039.jpghist= [0.44715447154471544, 0.2981029810298103, 0.25474254742547425]
amazon/bike_helmet/frame_0053.jpghist= [0.36683417085427134, 0.271356783919598, 0.36180904522613067]
amazon/bike_helmet/frame_0063.jpghist= [0.3695652173913043, 0.37267080745341613, 0.2577639751552795]
amazon/bike_helmet/frame_0058.jpghist= [0.3746268656716418, 0.4044776119402985, 0.2208955223880597]
amazon/bike_helmet/frame_0049.jpghist= [0.4673913043478261, 0.21014492753623187, 0.322463768115942]
amazon/bike_helmet/frame_0009.jpghist= [0.3375, 0.39375, 0.26875]
amazon/bike_helmet/frame_0045.jpghist= [0.5489130434782609, 0.21739130434782608, 0.23369565217391305]
amazon/bike_helmet/frame_0040.jpghist= [0.33793103448275863, 0.35172413793103446, 0.3103448275862069]
amazon/bike_helmet/frame_0051.jpghist= [0.3687580025608195, 0.323943661971831, 0.3072983354673495]
amazon/bike_helmet/frame_0070.jpghist= [0.4857142857142857, 0.27936507936507937, 0.23492063492063492]
amazon/bike_helmet/frame_0003.jpghist= [0.18949771689497716, 0.3949771689497717, 0.4155251141552511]
amazon/bike_helmet/frame_0015.jpghist= [0.3752310536044362, 0.2920517560073937, 0.33271719038817005]
amazon/bike_helmet/frame_0056.jpghist= [0.3087512291052114, 0.32940019665683384, 0.36184857423795475]
amazon/bike_helmet/frame_0043.jpghist= [0.3769968051118211, 0.2747603833865815, 0.34824281150159747]
amazon/bike_helmet/frame_0035.jpghist= [0.4559748427672956, 0.3553459119496855, 0.18867924528301888]
amazon/bike_helmet/frame_0001.jpghist= [0.5305343511450382, 0.25190839694656486, 0.21755725190839695]
amazon/bike_helmet/frame_0044.jpghist= [0.4, 0.28085106382978725, 0.3191489361702128]
amazon/bike_helmet/frame_0010.jpghist= [0.496875, 0.30625, 0.196875]
amazon/bike_helmet/frame_0002.jpghist= [0.19648093841642228, 0.4252199413489736, 0.3782991202346041]
amazon/bike_helmet/frame_0021.jpghist= [0.46750524109014674, 0.23060796645702306, 0.3018867924528302]
amazon/bike_helmet/frame_0031.jpghist= [0.32792207792207795, 0.37012987012987014, 0.30194805194805197]
amazon/bike_helmet/frame_0050.jpghist= [0.38926174496644295, 0.30201342281879195, 0.3087248322147651]
amazon/bike_helmet/frame_0052.jpghist= [0.33946251768033947, 0.3422913719943423, 0.31824611032531824]
amazon/bike_helmet/frame_0047.jpghist= [0.5857740585774058, 0.21338912133891214, 0.200836820083682]
amazon/bike_helmet/frame_0054.jpghist= [0.32621951219512196, 0.3628048780487805, 0.31097560975609756]
amazon/bike_helmet/frame_0061.jpghist= [0.24804469273743016, 0.3854748603351955, 0.3664804469273743]
amazon/bike_helmet/frame_0007.jpghist= [0.3034188034188034, 0.21794871794871795, 0.47863247863247865]
amazon/bike_helmet/frame_0048.jpghist= [0.3040816326530612, 0.42857142857142855, 0.2673469387755102]
amazon/bike_helmet/frame_0046.jpghist= [0.46963562753036436, 0.2894736842105263, 0.2408906882591093]
amazon/bike_helmet/frame_0038.jpghist= [0.3392857142857143, 0.30357142857142855, 0.35714285714285715]
amazon/bike_helmet/frame_0006.jpghist= [0.22937625754527163, 0.4024144869215292, 0.3682092555331992]
amazon/bike_helmet/frame_0012.jpghist= [0.22285714285714286, 0.36714285714285716, 0.41]
amazon/bike_helmet/frame_0011.jpghist= [0.5129151291512916, 0.2878228782287823, 0.1992619926199262]
amazon/bike_helmet/frame_0020.jpghist= [0.3974358974358974, 0.3247863247863248, 0.2777777777777778]
amazon/bike_helmet/frame_0034.jpghist= [0.4291497975708502, 0.3360323886639676, 0.23481781376518218]
amazon/bike_helmet/frame_0022.jpghist= [0.39416058394160586, 0.27007299270072993, 0.3357664233576642]
amazon/bike_helmet/frame_0017.jpghist= [0.49454545454545457, 0.29454545454545455, 0.2109090909090909]
amazon/bike_helmet/frame_0025.jpghist= [0.4250871080139373, 0.2264808362369338, 0.34843205574912894]
amazon/bike_helmet/frame_0036.jpghist= [0.17183462532299743, 0.3281653746770026, 0.5]
amazon/bike_helmet/frame_0062.jpghist= [0.3974358974358974, 0.24102564102564103, 0.36153846153846153]
amazon/bike_helmet/frame_0041.jpghist= [0.5864406779661017, 0.19322033898305085, 0.22033898305084745]
amazon/bike_helmet/frame_0028.jpghist= [0.4318181818181818, 0.19318181818181818, 0.375]
amazon/bike_helmet/frame_0057.jpghist= [0.33650793650793653, 0.34444444444444444, 0.319047619047619]
amazon/bike_helmet/frame_0033.jpghist= [0.5345622119815668, 0.32027649769585254, 0.14516129032258066]
amazon/bike_helmet/frame_0030.jpghist= [0.5736040609137056, 0.2715736040609137, 0.1548223350253807]
amazon/bike_helmet/frame_0024.jpghist= [0.3333333333333333, 0.3614457831325301, 0.30522088353413657]
amazon/bike_helmet/frame_0072.jpghist= [0.5346938775510204, 0.2530612244897959, 0.21224489795918366]
amazon/bike_helmet/frame_0042.jpghist= [0.391644908616188, 0.2950391644908616, 0.3133159268929504]
amazon/bike_helmet/frame_0065.jpghist= [0.38657407407407407, 0.30787037037037035, 0.3055555555555556]
amazon/bike_helmet/frame_0032.jpghist= [0.3978494623655914, 0.43010752688172044, 0.17204301075268819]
amazon/bike_helmet/frame_0055.jpghist= [0.4334862385321101, 0.30275229357798167, 0.26376146788990823]
amazon/bookcase/frame_0008.jpghist= [0.2937062937062937, 0.23776223776223776, 0.46853146853146854]
amazon/bookcase/frame_0068.jpghist= [0.13333333333333333, 0.4444444444444444, 0.4222222222222222]
amazon/bookcase/frame_0066.jpghist= [0.09917355371900827, 0.4132231404958678, 0.48760330578512395]
amazon/bookcase/frame_0071.jpghist= [0.32264150943396225, 0.2641509433962264, 0.41320754716981134]
amazon/bookcase/frame_0059.jpghist= [0.2727272727272727, 0.23636363636363636, 0.4909090909090909]
amazon/bookcase/frame_0014.jpghist= [0.2018140589569161, 0.38095238095238093, 0.41723356009070295]
amazon/bookcase/frame_0004.jpghist= [0.23582089552238805, 0.3880597014925373, 0.3761194029850746]
amazon/bookcase/frame_0037.jpghist= [0.2542372881355932, 0.3615819209039548, 0.384180790960452]
amazon/bookcase/frame_0067.jpghist= [0.10975609756097561, 0.3902439024390244, 0.5]
amazon/bookcase/frame_0026.jpghist= [0.18134715025906736, 0.5181347150259067, 0.3005181347150259]
amazon/bookcase/frame_0013.jpghist= [0.6666666666666666, 0.2, 0.13333333333333333]
amazon/bookcase/frame_0016.jpghist= [0.09375, 0.234375, 0.671875]
amazon/bookcase/frame_0019.jpghist= [0.046242774566473986, 0.32947976878612717, 0.6242774566473989]
amazon/bookcase/frame_0027.jpghist= [0.25, 0.40217391304347827, 0.34782608695652173]
amazon/bookcase/frame_0023.jpghist= [0.09090909090909091, 0.1674641148325359, 0.7416267942583732]
amazon/bookcase/frame_0018.jpghist= [0.33513513513513515, 0.1945945945945946, 0.4702702702702703]
amazon/bookcase/frame_0069.jpghist= [0.3275862068965517, 0.36551724137931035, 0.30689655172413793]
amazon/bookcase/frame_0064.jpghist= [0.17692307692307693, 0.4, 0.4230769230769231]
amazon/bookcase/frame_0079.jpghist= [0.18791946308724833, 0.28187919463087246, 0.5302013422818792]
amazon/bookcase/frame_0005.jpghist= [0.25942350332594233, 0.3924611973392461, 0.34811529933481156]
amazon/bookcase/frame_0074.jpghist= [0.2846715328467153, 0.3722627737226277, 0.34306569343065696]
amazon/bookcase/frame_0060.jpghist= [0.1388888888888889, 0.3611111111111111, 0.5]
amazon/bookcase/frame_0029.jpghist= [0.08433734939759036, 0.3493975903614458, 0.5662650602409639]
amazon/bookcase/frame_0039.jpghist= [0.27419354838709675, 0.4274193548387097, 0.29838709677419356]
amazon/bookcase/frame_0053.jpghist= [0.085, 0.185, 0.73]
amazon/bookcase/frame_0063.jpghist= [0.04666666666666667, 0.25333333333333335, 0.7]
amazon/bookcase/frame_0058.jpghist= [0.2540983606557377, 0.2540983606557377, 0.4918032786885246]
amazon/bookcase/frame_0049.jpghist= [0.3074433656957929, 0.3818770226537217, 0.3106796116504854]
amazon/bookcase/frame_0009.jpghist= [0.4161490683229814, 0.2422360248447205, 0.3416149068322981]
amazon/bookcase/frame_0045.jpghist= [0.1912751677852349, 0.46308724832214765, 0.34563758389261745]
amazon/bookcase/frame_0040.jpghist= [0.2537313432835821, 0.40298507462686567, 0.34328358208955223]
amazon/bookcase/frame_0051.jpghist= [0.32857142857142857, 0.2523809523809524, 0.41904761904761906]
amazon/bookcase/frame_0070.jpghist= [0.3902439024390244, 0.2926829268292683, 0.3170731707317073]
amazon/bookcase/frame_0075.jpghist= [0.2159090909090909, 0.36363636363636365, 0.42045454545454547]
amazon/bookcase/frame_0003.jpghist= [0.2809917355371901, 0.3512396694214876, 0.3677685950413223]
amazon/bookcase/frame_0015.jpghist= [0.1237785016286645, 0.4592833876221498, 0.4169381107491857]
amazon/bookcase/frame_0056.jpghist= [0.18494271685761046, 0.2144026186579378, 0.6006546644844517]
amazon/bookcase/frame_0043.jpghist= [0.08333333333333333, 0.2777777777777778, 0.6388888888888888]
amazon/bookcase/frame_0035.jpghist= [0.2631578947368421, 0.45263157894736844, 0.28421052631578947]
amazon/bookcase/frame_0001.jpghist= [0.19154929577464788, 0.3183098591549296, 0.49014084507042255]
amazon/bookcase/frame_0044.jpghist= [0.2894736842105263, 0.5701754385964912, 0.14035087719298245]
amazon/bookcase/frame_0010.jpghist= [0.33433734939759036, 0.39156626506024095, 0.2740963855421687]
amazon/bookcase/frame_0002.jpghist= [0.4245614035087719, 0.22807017543859648, 0.3473684210526316]
amazon/bookcase/frame_0021.jpghist= [0.058823529411764705, 0.43137254901960786, 0.5098039215686274]
amazon/bookcase/frame_0081.jpghist= [0.3333333333333333, 0.35714285714285715, 0.30952380952380953]
amazon/bookcase/frame_0031.jpghist= [0.16317991631799164, 0.32217573221757323, 0.5146443514644351]
amazon/bookcase/frame_0050.jpghist= [0.06474820143884892, 0.38848920863309355, 0.5467625899280576]
amazon/bookcase/frame_0052.jpghist= [0.30597014925373134, 0.4626865671641791, 0.23134328358208955]
amazon/bookcase/frame_0080.jpghist= [0.18592964824120603, 0.542713567839196, 0.271356783919598]
amazon/bookcase/frame_0047.jpghist= [0.2459016393442623, 0.3770491803278688, 0.3770491803278688]
amazon/bookcase/frame_0054.jpghist= [0.3424657534246575, 0.2191780821917808, 0.4383561643835616]
amazon/bookcase/frame_0061.jpghist= [0.16666666666666666, 0.4166666666666667, 0.4166666666666667]
amazon/bookcase/frame_0073.jpghist= [0.2876712328767123, 0.23972602739726026, 0.4726027397260274]
amazon/bookcase/frame_0082.jpghist= [0.16666666666666666, 0.4791666666666667, 0.3541666666666667]
amazon/bookcase/frame_0007.jpghist= [0.32894736842105265, 0.3157894736842105, 0.35526315789473684]
amazon/bookcase/frame_0048.jpghist= [0.29856115107913667, 0.38848920863309355, 0.3129496402877698]
amazon/bookcase/frame_0046.jpghist= [0.20270270270270271, 0.32432432432432434, 0.47297297297297297]
amazon/bookcase/frame_0038.jpghist= [0.1396761133603239, 0.39878542510121456, 0.46153846153846156]
amazon/bookcase/frame_0006.jpghist= [0.17, 0.4, 0.43]
amazon/bookcase/frame_0012.jpghist= [0.06521739130434782, 0.3173913043478261, 0.6173913043478261]
amazon/bookcase/frame_0011.jpghist= [0.31210191082802546, 0.43312101910828027, 0.25477707006369427]
amazon/bookcase/frame_0020.jpghist= [0.55, 0.35, 0.1]
amazon/bookcase/frame_0034.jpghist= [0.16666666666666666, 0.4722222222222222, 0.3611111111111111]
amazon/bookcase/frame_0022.jpghist= [0.2508710801393728, 0.47038327526132406, 0.2787456445993031]
amazon/bookcase/frame_0077.jpghist= [0.1263537906137184, 0.3285198555956679, 0.5451263537906137]
amazon/bookcase/frame_0017.jpghist= [0.16377649325626203, 0.43159922928709055, 0.4046242774566474]
amazon/bookcase/frame_0025.jpghist= [0.1489971346704871, 0.42406876790830944, 0.4269340974212034]
amazon/bookcase/frame_0036.jpghist= [0.19076923076923077, 0.3476923076923077, 0.46153846153846156]
amazon/bookcase/frame_0062.jpghist= [0.5061728395061729, 0.25102880658436216, 0.24279835390946503]
amazon/bookcase/frame_0078.jpghist= [0.625, 0.25, 0.125]
amazon/bookcase/frame_0041.jpghist= [0.09061488673139159, 0.255663430420712, 0.6537216828478964]
amazon/bookcase/frame_0028.jpghist= [0.23357664233576642, 0.32116788321167883, 0.44525547445255476]
amazon/bookcase/frame_0057.jpghist= [0.24404761904761904, 0.31994047619047616, 0.43601190476190477]
amazon/bookcase/frame_0033.jpghist= [0.13450292397660818, 0.3567251461988304, 0.5087719298245614]
amazon/bookcase/frame_0030.jpghist= [0.08695652173913043, 0.34782608695652173, 0.5652173913043478]
amazon/bookcase/frame_0024.jpghist= [0.33798882681564246, 0.30726256983240224, 0.3547486033519553]
amazon/bookcase/frame_0076.jpghist= [0.35906040268456374, 0.3288590604026846, 0.31208053691275167]
amazon/bookcase/frame_0072.jpghist= [0.36231884057971014, 0.43478260869565216, 0.2028985507246377]
amazon/bookcase/frame_0042.jpghist= [0.27197802197802196, 0.3241758241758242, 0.40384615384615385]
amazon/bookcase/frame_0065.jpghist= [0.2364341085271318, 0.26356589147286824, 0.5]
amazon/bookcase/frame_0032.jpghist= [0.06690140845070422, 0.21830985915492956, 0.7147887323943662]
amazon/bookcase/frame_0055.jpghist= [0.4383561643835616, 0.3287671232876712, 0.2328767123287671]
amazon/bottle/frame_0008.jpghist= [0.17346938775510204, 0.42857142857142855, 0.3979591836734694]
amazon/bottle/frame_0014.jpghist= [0.22972972972972974, 0.16216216216216217, 0.6081081081081081]
amazon/bottle/frame_0004.jpghist= [0.16023738872403562, 0.486646884272997, 0.35311572700296734]
amazon/bottle/frame_0026.jpghist= [0.16216216216216217, 0.34797297297297297, 0.48986486486486486]
amazon/bottle/frame_0013.jpghist= [0.21484375, 0.34375, 0.44140625]
amazon/bottle/frame_0016.jpghist= [0.13414634146341464, 0.5304878048780488, 0.3353658536585366]
amazon/bottle/frame_0019.jpghist= [0.4098360655737705, 0.3114754098360656, 0.2786885245901639]
amazon/bottle/frame_0027.jpghist= [0.28104575163398693, 0.3660130718954248, 0.35294117647058826]
amazon/bottle/frame_0023.jpghist= [0.0949367088607595, 0.5569620253164557, 0.34810126582278483]
amazon/bottle/frame_0018.jpghist= [0.4090909090909091, 0.26262626262626265, 0.3282828282828283]
amazon/bottle/frame_0005.jpghist= [0.3888888888888889, 0.3888888888888889, 0.2222222222222222]
amazon/bottle/frame_0029.jpghist= [0.16878980891719744, 0.4299363057324841, 0.4012738853503185]
amazon/bottle/frame_0009.jpghist= [0.4853801169590643, 0.23976608187134502, 0.27485380116959063]
amazon/bottle/frame_0003.jpghist= [0.296875, 0.328125, 0.375]
amazon/bottle/frame_0015.jpghist= [0.32142857142857145, 0.32142857142857145, 0.35714285714285715]
amazon/bottle/frame_0035.jpghist= [0.3, 0.225, 0.475]
amazon/bottle/frame_0001.jpghist= [0.34, 0.38, 0.28]
amazon/bottle/frame_0010.jpghist= [0.05970149253731343, 0.6417910447761194, 0.29850746268656714]
amazon/bottle/frame_0002.jpghist= [0.17777777777777778, 0.39191919191919194, 0.4303030303030303]
amazon/bottle/frame_0021.jpghist= [0.3709677419354839, 0.4032258064516129, 0.22580645161290322]
amazon/bottle/frame_0031.jpghist= [0.32894736842105265, 0.28289473684210525, 0.3881578947368421]
amazon/bottle/frame_0007.jpghist= [0.4215686274509804, 0.3088235294117647, 0.2696078431372549]
amazon/bottle/frame_0006.jpghist= [0.5569620253164557, 0.26582278481012656, 0.17721518987341772]
amazon/bottle/frame_0012.jpghist= [0.5733333333333334, 0.2, 0.22666666666666666]
amazon/bottle/frame_0011.jpghist= [0.46511627906976744, 0.32558139534883723, 0.20930232558139536]
amazon/bottle/frame_0020.jpghist= [0.339572192513369, 0.40106951871657753, 0.25935828877005346]
amazon/bottle/frame_0034.jpghist= [0.218436873747495, 0.30060120240480964, 0.48096192384769537]
amazon/bottle/frame_0022.jpghist= [0.49056603773584906, 0.4339622641509434, 0.07547169811320754]
amazon/bottle/frame_0017.jpghist= [0.29411764705882354, 0.3897058823529412, 0.3161764705882353]
amazon/bottle/frame_0025.jpghist= [0.2616822429906542, 0.4158878504672897, 0.32242990654205606]
amazon/bottle/frame_0036.jpghist= [0.2571428571428571, 0.38095238095238093, 0.3619047619047619]
amazon/bottle/frame_0028.jpghist= [0.17435897435897435, 0.38974358974358975, 0.4358974358974359]
amazon/bottle/frame_0033.jpghist= [0.4619718309859155, 0.30140845070422534, 0.23661971830985915]
amazon/bottle/frame_0030.jpghist= [0.25, 0.5694444444444444, 0.18055555555555555]
amazon/bottle/frame_0024.jpghist= [0.23316062176165803, 0.22797927461139897, 0.538860103626943]
amazon/bottle/frame_0032.jpghist= [0.24901960784313726, 0.3254901960784314, 0.42549019607843136]
